2 2.71
2.1 2.8450866308942024
2.2 2.9867440660631703
2.3000000000000003 3.135291762802763
2.4000000000000004 3.2910643725325643
2.5000000000000004 3.454412489943125
2.6000000000000005 3.6257034340196204
2.7000000000000006 3.8053220632212117
2.8000000000000007 3.9936716270273553
2.900000000000001 4.191174656036163
3.000000000000001 4.398273892804976
3.100000000000001 4.615433265652183
3.200000000000001 4.8431389076869
3.300000000000001 5.081900223395871
3.4000000000000012 5.332251005192402
3.5000000000000013 5.594750602418452
3.6000000000000014 5.869985145387109
3.7000000000000015 6.158568827157631
3.8000000000000016 6.461145245848522
3.9000000000000017 6.778388810415432
4.000000000000002 7.111006212949787
4.100000000000001 7.4597379706909255
4.200000000000001 7.82536004108919
4.300000000000001 8.208685513409971
4.4 8.610566380529312
4.5 9.031895394740554
4.6 9.473608011568958
4.699999999999999 9.936684425777422
4.799999999999999 10.4221517039419
4.899999999999999 10.931086018180011
4.999999999999998 11.46461498583123
5.099999999999998 12.023920120112228
5.1999999999999975 12.610239397006973
5.299999999999997 13.224869943898407
5.399999999999997 13.86917085570765
5.4999999999999964 14.544566144577962
5.599999999999996 15.252547829424975
5.699999999999996 15.99467917197236
5.799999999999995 16.772598066203898
5.899999999999995 17.588020588489403
5.999999999999995 18.442744715983878
6.099999999999994 19.338654221257332
6.199999999999994 20.277722751487634
6.299999999999994 21.262018100941376
6.399999999999993 22.29370668587885
6.499999999999993 23.375058231449692
6.5999999999999925 24.50845068059651
6.699999999999992 25.69637533545572
6.799999999999992 26.941442242239077
6.8999999999999915 28.24638583109671
6.999999999999991 29.614070823004255
7.099999999999991 31.047498416283972
7.19999999999999 32.54981276596357
7.29999999999999 34.124307769798364
7.39999999999999 35.774434175433356
7.499999999999989 37.50380702386374
7.599999999999989 39.3162134450657
7.699999999999989 41.21562082241695
7.799999999999988 43.20618534330867
7.899999999999988 45.292260954169585
7.999999999999988 47.47840873898072
8.099999999999987 49.76940674125702
8.199999999999987 52.17026025041237
8.299999999999986 54.68621257440843
8.399999999999986 57.322756321618535
8.499999999999986 60.085645215916365
8.599999999999985 62.98090647012884
8.699999999999985 66.01485374417504
8.799999999999985 69.19410071545107
8.899999999999984 72.52557529031681
8.999999999999984 76.01653448689756
9.099999999999984 79.67458002083421
9.199999999999983 83.5076746271028
9.299999999999983 87.52415915258156
9.399999999999983 91.73277045567359
9.499999999999982 96.14266015100003
9.599999999999982 100.76341423896528
9.699999999999982 105.60507366186629
9.799999999999981 110.6781558301762
9.89999999999998 115.99367716468288
9.99999999999998 121.56317670230877