-5	121.1781784
-4.9	108.4012042
-4.8	96.88649629
-4.7	86.51389708
-4.6	77.17459693
-4.5	68.77006267
-4.4	61.21106697
-4.3	54.41680949
-4.2	48.31412096
-4.1	42.83674251
-4	37.92467302
-3.9	33.52357809
-3.8	29.58425489
-3.7	26.06214747
-3.6	22.91690793
-3.5	20.11199898
-3.4	17.61433406
-3.3	15.39395142
-3.2	13.42371901
-3.1	11.67906724
-3	10.13774698
-2.9	8.779610369
-2.8	7.586412407
-2.7	6.541631214
-2.6	5.6303053
-2.5	4.838886197
-2.4	4.155105006
-2.3	3.56785155
-2.2	3.06706494
-2.1	2.643634475
-2	2.289309906
-1.9	1.996620167
-1.8	1.758799789
-1.7	1.569722261
-1.6	1.423839681
-1.5	1.316128115
-1.4	1.242038105
-1.3	1.197449865
-1.2	1.178632696
-1.1	1.182208239
-1	1.205117203
-0.9	1.244589226
-0.8	1.298115592
-0.7	1.363424514
-0.6	1.438458766
-0.5	1.52135541
-0.4	1.610427454
-0.3	1.704147231
-0.2	1.801131353
-0.1	1.900127083
0 2
0.1 2.0998770833333333
0.2 2.198961768580729
0.30000000000000004 2.296370528791021
0.4 2.391304616946051
0.5 2.4830419307962215
0.6 2.570929658315923
0.7 2.6543776288734793
0.7999999999999999 2.7328523023978883
0.8999999999999999 2.8058713353225877
0.9999999999999999 2.8729986679608728
1.0999999999999999 2.933840083278352
1.2 2.9880391918289404
1.3 3.035273801961338
1.4000000000000001 3.075252638326885
1.5000000000000002 3.1077123752670976
1.6000000000000003 3.1324149548662077
1.7000000000000004 3.149145162353327
1.8000000000000005 3.157708434159927
1.9000000000000006 3.157928876307902
2.0000000000000004 3.1496474729456816
2.1000000000000005 3.132720466786504
2.2000000000000006 3.107017894953755
2.3000000000000007 3.072422265321099
2.400000000000001 3.028827359866048
2.500000000000001 2.9761371528492346
2.600000000000001 2.914264832801145
2.700000000000001 2.8431319183553367
2.800000000000001 2.762667458922986
2.9000000000000012 2.672807312067707
3.0000000000000013 2.5734934902207764
3.1000000000000014 2.464673570083112
3.2000000000000015 2.346300158698824
3.3000000000000016 2.2183304107623467
3.4000000000000017 2.0807255922429655
3.5000000000000018 1.9334506858823013
3.600000000000002 1.7764740345467742
3.700000000000002 1.6097670188026285
3.800000000000002 1.4333037654296485
3.900000000000002 1.2470608839048063
4.000000000000002 1.0510172281719488
4.100000000000001 0.845153681271174
4.200000000000001 0.6294529606343633
4.300000000000001 0.4038994420638252
4.4 0.168479000601288
4.5 -0.07682113333349294
4.6 -0.3320125039997279
4.699999999999999 -0.5971055479128043
4.799999999999999 -0.87210970013923
4.899999999999999 -1.157033490391912
4.999999999999998 -1.4518846299044932
