0.01 1.0100619435818947
0.02 1.0203255130488038
0.03 1.03079273477456
0.04 1.0414656554983917
0.05 1.0523463425295985
0.060000000000000005 1.0634368839542836
0.07 1.0747393888441648
0.08 1.0862559874674829
0.09 1.0979888315020303
0.09999999999999999 1.109940094250321
0.10999999999999999 1.122111970856922
0.11999999999999998 1.1345066785279705
0.12999999999999998 1.1471264567528954
0.13999999999999999 1.1599735675283687
0.15 1.173050295584507
0.16 1.1863589486133461
0.17 1.1999018574996125
0.18000000000000002 1.2136813765538137
0.19000000000000003 1.227699883747671
0.20000000000000004 1.2419597809519185
0.21000000000000005 1.2564634941764934
0.22000000000000006 1.2712134738131373
0.23000000000000007 1.2862121948804386
0.24000000000000007 1.3014621572713359
0.25000000000000006 1.3169658860031095
0.26000000000000006 1.3327259314698854
0.2700000000000001 1.3487448696976767
0.2800000000000001 1.3650253026019883
0.2900000000000001 1.3815698582480105
0.3000000000000001 1.398381191113428
0.3100000000000001 1.41546198235387
0.3200000000000001 1.4328149400710273
0.3300000000000001 1.4504427995834652
0.34000000000000014 1.4683483237001582
0.35000000000000014 1.486534302996772
0.36000000000000015 1.505003556094724
0.37000000000000016 1.523758929943048
0.38000000000000017 1.5428033001030916
0.3900000000000002 1.5621395710360737
0.4000000000000002 1.5817706763935342
0.4100000000000002 1.601699579310701
0.4200000000000002 1.621929272702806
0.4300000000000002 1.6424627795643798
0.4400000000000002 1.6633031532715525
0.45000000000000023 1.6844534778873947
0.46000000000000024 1.7059168684703263
0.47000000000000025 1.7276964713856244
0.48000000000000026 1.7497954646200633
0.49000000000000027 1.7722170580997152
0.5000000000000002 1.7949644940109455
0.5100000000000002 1.8180410471246344
0.5200000000000002 1.8414500251236565
0.5300000000000002 1.8651947689336523
0.5400000000000003 1.8892786530571228
0.5500000000000003 1.9137050859108833
0.5600000000000003 1.9384775101669072
0.5700000000000003 1.9635994030965966
0.5800000000000003 1.9890742769185124
0.5900000000000003 2.0149056791495985
0.6000000000000003 2.041097192959937
0.6100000000000003 2.0676524375310685
0.6200000000000003 2.0945750684179116
0.6300000000000003 2.121868777914324
0.6400000000000003 2.149537295422333
0.6500000000000004 2.1775843878250782
0.6600000000000004 2.206013859863506
0.6700000000000004 2.234829554516845
0.6800000000000004 2.2640353533869053
0.6900000000000004 2.2936351770862453
0.7000000000000004 2.3236329856302342
0.7100000000000004 2.3540327788330573
0.7200000000000004 2.384838596707701
0.7300000000000004 2.416054519869957
0.7400000000000004 2.4476846699464874
0.7500000000000004 2.4797332099869913
0.7600000000000005 2.5122043448805123
0.7700000000000005 2.545102321775932
0.7800000000000005 2.5784314305066878
0.7900000000000005 2.6121960040197596
0.8000000000000005 2.6464004188089687
0.8100000000000005 2.68104909535263
0.8200000000000005 2.716146498555605
0.8300000000000005 2.7516971381957944
0.8400000000000005 2.7877055693751203
0.8500000000000005 2.8241763929750405
0.8600000000000005 2.86111425611664
0.8700000000000006 2.898523852625347
0.8800000000000006 2.93640992350032
0.8900000000000006 2.974777257388551
0.9000000000000006 3.013630691063734
0.9100000000000006 3.052975109909947
0.9200000000000006 3.0928154484101946
0.9300000000000006 3.1331566906398596
0.9400000000000006 3.174003870765115
0.9500000000000006 3.2153620735463457
0.9600000000000006 3.2572364348466274
0.9700000000000006 3.299632142145318
0.9800000000000006 3.3425544350568104
0.9900000000000007 3.3860086058544963
1.0000000000000007 3.4299999999999997